,City,Cloudiness,Country,Date,Humidity,Lat,Long,Max Temp,Wind Speed
0,qaanaaq,56,GL,1545318671,74,77.48,-69.36,-0.42,5.64
1,ribeira grande,75,PT,1545316200,88,38.52,-28.7,66.2,17.22
2,hermanus,0,ZA,1545318696,41,-34.42,19.24,79.01,6.76
3,portland,75,US,1545317580,66,45.52,-122.67,53.06,16.11
4,ponta do sol,24,BR,1545318667,94,-20.63,-46,81.26,5.64
5,taolanaro,,,,,,,,
6,tikheron,,,,,,,,
7,sesheke,44,NA,1545318804,24,-17.47,24.29,97.46,7.2
8,probolinggo,40,ID,1545316200,94,-7.74,113.22,78.8,1.95
9,vaini,8,IN,1545318663,72,15.34,74.49,69.07,3.51
10,yar-sale,76,RU,1545318677,85,66.83,70.83,21.05,25.66
11,bluff,0,AU,1545318678,76,-23.58,149.07,78.34,9.78
12,albany,1,US,1545317820,68,42.65,-73.75,30.92,3.36
13,ardakan,0,IR,1545318000,32,32.31,54.02,51.8,4.7
14,esperance,20,TT,1545314400,78,10.24,-61.45,82.4,12.75
15,burnie,88,AU,1545318805,100,-41.05,145.91,60.16,9.66
16,khatanga,48,RU,1545318682,30,71.98,102.47,-20.49,6.76
17,upernavik,64,GL,1545318695,100,72.79,-56.15,7.87,8.21
18,mataura,92,NZ,1545318662,88,-46.19,168.86,47.15,2.84
19,kourou,90,GF,1545318000,78,5.16,-52.64,82.4,14.99
20,new norfolk,20,AU,1545316200,76,-42.78,147.06,53.6,6.93
21,tiksi,12,RU,1545318751,0,71.64,128.87,-40.69,3.06
22,hobyo,8,SO,1545318663,76,5.35,48.53,80.63,20.74
23,hobart,20,AU,1545316200,76,-42.88,147.33,53.6,6.93
24,catia la mar,0,VE,1545318806,99,10.6,-67.03,78.38,17.05
25,busselton,0,AU,1545318674,88,-33.64,115.35,70.42,19.84
26,sovetskoye,88,UA,1545318806,96,45.57,34.49,32.98,10.22
27,avarua,20,CK,1545318000,83,-21.21,-159.78,77.0,6.93
28,clive,90,US,1545318900,96,41.61,-93.78,36.86,13.87
29,escarcega,20,MX,1545318806,85,18.61,-90.75,75.23,3.06
30,vaitupu,,,,,,,,
31,petropavlovsk-kamchatskiy,0,RU,1545314400,77,53.05,158.65,-2.21,6.71
32,rikitea,24,PF,1545318658,100,-23.12,-134.97,74.56,6.98
33,bogorodskoye,0,RU,1545318806,53,52.37,140.44,-0.15,5.64
34,cape town,20,ZA,1545314400,57,-33.93,18.42,77.0,21.92
35,comodoro rivadavia,20,AR,1545318000,49,-45.87,-67.48,71.6,9.17
36,butaritari,68,KI,1545318670,100,3.07,172.79,83.02,12.68
37,socorro,92,PH,1545318807,100,13.06,121.41,71.18,2.95
38,taperoa,20,BR,1545318807,39,-7.21,-36.83,90.04,11.23
39,sorong,88,ID,1545318716,100,-0.86,131.25,75.19,9.66
40,aklavik,20,CA,1545314400,83,68.22,-135.01,-4.01,2.73
41,kodiak,90,US,1545317700,86,39.95,-94.76,39.92,16.11
42,tautira,0,PF,1545318000,83,-17.73,-149.15,78.8,6.93
43,barentsburg,,,,,,,,
44,inhambane,75,MZ,1545314400,83,-23.87,35.38,84.2,6.93
45,norman wells,40,CA,1545314400,75,65.28,-126.83,-18.41,2.24
46,kapaa,90,US,1545317760,70,22.08,-159.32,69.08,13.87
47,namatanai,36,PG,1545318749,100,-3.66,152.44,80.23,2.62
48,ushuaia,90,AR,1545314400,61,-54.81,-68.31,51.8,2.24
49,leshukonskoye,68,RU,1545318807,72,64.9,45.76,9.22,5.64
50,rawlins,1,US,1545317700,50,41.79,-107.24,28.4,23.04
51,zhicheng,92,CN,1545318808,88,35.04,112.59,33.97,2.73
52,pedernales,100,EC,1545318808,100,0.07,-80.05,72.08,5.97
53,chuy,92,UY,1545318707,100,-33.69,-53.46,70.46,14.92
54,viedma,56,AR,1545318683,59,-40.81,-62.99,71.23,16.71
55,mar del plata,0,AR,1545318661,39,-46.43,-67.52,75.46,11.01
56,isangel,92,VU,1545318694,100,-19.55,169.27,75.5,6.64
57,punta arenas,75,CL,1545314400,51,-53.16,-70.91,59.0,28.86
58,podgornoye,36,RU,1545318809,52,57.79,82.64,-3.61,8.21
59,pascagoula,90,US,1545317760,89,30.37,-88.56,62.06,3.36
60,bodden town,20,KY,1545318000,70,19.28,-81.25,84.2,17.22
61,tignere,0,CM,1545318809,20,7.37,12.65,84.05,8.77
62,yeppoon,56,AU,1545316200,94,-23.13,150.74,75.2,4.7
63,arraial do cabo,20,BR,1545314400,58,-22.97,-42.02,89.6,9.17
64,saldanha,88,PT,1545318693,90,41.42,-6.55,51.65,6.42
65,amderma,,,,,,,,
66,concarneau,88,FR,1545316200,87,47.88,-3.92,51.8,13.87
67,east london,68,ZA,1545318665,100,-33.02,27.91,71.23,12.68
68,taoudenni,0,ML,1545318746,23,22.68,-3.98,79.33,9.89
69,tucuman,12,PE,1545318810,49,-17.17,-70.89,71.81,4.07
70,airai,0,TL,1545318690,85,-8.93,125.41,71.14,1.16
71,kavieng,68,PG,1545318701,100,-2.57,150.8,83.51,6.2
72,henties bay,0,NA,1545318666,88,-22.12,14.28,66.19,8.32
73,eatonton,90,US,1545317700,100,33.33,-83.39,53.6,5.82
74,tasiilaq,20,GL,1545317400,90,65.61,-37.64,32.0,3.36
75,faanui,100,PF,1545318667,100,-16.48,-151.75,82.93,7.2
76,haines junction,56,CA,1545318744,66,60.75,-137.51,5.17,2.17
77,vagay,64,RU,1545318810,76,57.94,69.02,10.34,8.43
78,college,20,US,1545314580,83,64.86,-147.8,-11.21,2.28
79,shrewsbury,75,GB,1545317400,87,52.71,-2.75,46.4,8.05
80,bexhill,20,GB,1545317400,81,50.84,0.47,50.0,17.22
81,sao filipe,20,CV,1545318753,87,14.9,-24.5,76.76,15.82
82,narsaq,12,GL,1545318746,64,60.91,-46.05,20.38,6.76
83,barrow,92,AR,1545318657,100,-38.31,-60.23,65.78,8.32
84,belushya guba,,,,,,,,
85,vanimo,44,PG,1545318811,100,-2.67,141.3,78.29,0.83
86,husavik,12,CA,1545318715,85,50.56,-96.99,6.83,8.1
87,lazaro cardenas,5,MX,1545316920,64,28.39,-105.62,33.8,7.76
88,luancheng,68,CN,1545314400,47,37.88,114.65,35.6,2.24
89,lembeni,56,TZ,1545318811,61,-3.78,37.62,77.53,7.2
90,wodonga,0,AU,1545314400,68,-36.12,146.89,68.0,4.7
91,damghan,92,IR,1545318812,92,36.17,54.34,37.66,2.62
92,pasco,1,US,1545317580,92,46.24,-119.1,51.08,2.73
93,ituni,,,,,,,,
94,thompson,90,CA,1545315660,84,55.74,-97.86,3.2,2.24
95,puerto ayora,0,EC,1545314400,65,-0.74,-90.35,80.6,5.82
96,los llanos de aridane,20,ES,1545316200,64,28.66,-17.92,69.8,9.17
97,codrington,75,AU,1545316320,61,-28.95,153.24,77.0,17.22
98,fuerte olimpo,44,BR,1545318812,73,-21.04,-57.87,89.45,11.12
99,eyl,0,SO,1545318812,86,7.98,49.82,79.69,21.85
100,mangai,92,CD,1545318812,90,-4.07,19.59,76.94,2.39
101,solovetskiy,,,,,,,,
102,grand gaube,40,MU,1545318000,69,-20.01,57.66,80.6,13.87
103,yining,56,CN,1545318746,98,29.04,114.56,44.41,2.39
104,makaryev,88,RU,1545318813,90,57.88,43.81,13.27,6.08
105,lasa,20,CY,1545313800,59,34.92,32.53,64.4,11.41
106,bambanglipuro,76,ID,1545318700,100,-7.95,110.28,72.49,2.95
107,patacamaya,32,BO,1545318813,100,-17.23,-67.92,53.68,4.18
108,tarko-sale,64,RU,1545318813,69,64.92,77.78,-15.22,6.2
109,lebu,8,ET,1545318671,37,8.96,38.73,62.77,6.42
110,port hardy,75,CA,1545314400,93,50.7,-127.42,39.2,33.33
111,illoqqortoormiut,,,,,,,,
112,bargal,,,,,,,,
113,marcona,,,,,,,,
114,bay city,90,US,1545317760,86,43.59,-83.89,39.2,10.29
115,saskylakh,56,RU,1545318677,0,71.97,114.09,-33.0,4.18
116,singaraja,48,ID,1545318814,100,-8.11,115.08,71.18,1.72
117,yellowknife,90,CA,1545314400,84,62.45,-114.38,6.8,6.93
118,colonia,90,RO,1545316200,86,46.6,23.97,30.2,2.24
119,kahului,75,US,1545317760,90,20.89,-156.47,69.98,5.82
120,ambon,90,FR,1545316200,87,47.55,-2.56,51.8,10.29
121,port alfred,8,ZA,1545318665,81,-33.59,26.89,72.49,12.46
122,pangkalanbuun,48,ID,1545318765,94,-2.68,111.62,74.83,2.39
123,mount gambier,90,AU,1545314400,82,-37.83,140.78,55.4,6.93
124,port elizabeth,90,US,1545317760,96,39.31,-74.98,42.62,5.82
125,lensk,68,RU,1545318814,86,60.71,114.91,11.24,2.28
126,samarai,76,PG,1545318776,100,-10.62,150.67,82.12,5.64
127,kalabo,80,ZM,1545318815,56,-15.0,22.67,84.05,3.62
128,yate,90,GB,1545317760,100,51.54,-2.41,50.0,10.29
129,angoche,88,MZ,1545318815,100,-16.23,39.91,79.1,12.01
130,tecoanapa,75,MX,1545317340,69,16.99,-99.26,77.0,6.93
131,sola,75,NO,1545317400,70,58.89,5.65,44.6,16.11
132,tutoia,20,BR,1545318000,43,-2.76,-42.27,91.4,13.87
133,muroto,44,JP,1545318751,100,33.37,134.14,48.28,4.63
134,kruisfontein,0,ZA,1545318733,74,-34.0,24.73,71.86,13.58
135,buala,92,SB,1545318815,100,-8.15,159.59,73.61,4.63
136,hofn,75,IS,1545314400,75,64.25,-15.21,42.8,8.05
137,richards bay,92,ZA,1545318770,82,-28.77,32.06,72.98,9.55
138,russell,48,AR,1545318765,94,-33.01,-68.8,61.87,3.96
139,pevek,0,RU,1545318662,100,69.7,170.27,-30.52,4.63
140,kedainiai,90,LT,1545317400,85,55.29,23.97,19.4,8.05
141,gampaha,80,LK,1545315000,78,7.09,80,80.6,4.7
142,ixtapa,5,MX,1545316920,82,20.71,-105.21,60.8,4.7
143,mys shmidta,,,,,,,,
144,olafsvik,,,,,,,,
145,palabuhanratu,,,,,,,,
146,roebourne,0,AU,1545318739,82,-20.77,117.15,71.68,8.43
147,impfondo,8,CD,1545318817,68,1.62,18.06,85.13,2.39
148,ola,0,RU,1545318712,100,59.58,151.3,21.19,26.22
149,atuona,92,PF,1545318658,100,-9.8,-139.03,78.88,14.47
150,ancud,20,CL,1545318000,67,-41.87,-73.83,62.6,8.05
151,kaeo,20,NZ,1545318735,95,-35.1,173.78,60.52,11.68
152,cortez,1,US,1545317580,77,37.35,-108.58,19.94,6.93
153,vao,44,EE,1545318701,86,59.1,26.19,17.18,6.98
154,san patricio,68,PY,1545318693,93,-26.98,-56.83,78.97,2.95
155,karaul,,,,,,,,
156,georgetown,40,GY,1545314400,74,6.8,-58.16,84.2,13.87
157,verkhniye kigi,44,RU,1545318817,60,55.41,58.6,-7.39,2.84
158,gornopravdinsk,80,RU,1545318818,82,60.06,69.92,10.43,9.44
159,nikolskoye,75,RU,1545316200,92,59.7,30.79,15.8,8.95
160,parati,40,BR,1545318000,46,-20.51,-54.63,91.4,8.05
161,hilo,90,US,1545317580,81,19.71,-155.08,71.96,9.17
162,bongandanga,44,CD,1545318818,34,1.51,21.07,91.66,2.73
163,hamilton,75,CA,1545314400,93,43.26,-79.87,41.0,8.05
164,kemijarvi,,,,,,,,
165,adrar,0,DZ,1545314400,25,27.87,-0.29,73.4,9.17
166,necochea,92,AR,1545318612,100,-38.55,-58.74,67.76,5.41
167,savannah bight,20,HN,1545314400,69,16.45,-85.85,78.8,2.24
168,mildura,0,AU,1545314400,49,-34.18,142.16,68.0,12.75
169,xucheng,0,CN,1545318819,91,33.0,118.51,41.53,6.76
170,bambous virieux,40,MU,1545314400,65,-20.34,57.76,82.4,12.75
171,shache,36,CN,1545318742,71,38.42,77.24,16.87,3.18
172,ilulissat,75,GL,1545317400,100,69.22,-51.1,24.8,10.29
173,shingu,48,JP,1545318819,100,33.72,135.99,57.37,6.87
174,mahebourg,40,MU,1545318000,69,-20.41,57.7,80.6,13.87
175,gojra,0,PK,1545318819,87,31.15,72.69,52.33,2.51
176,lompoc,20,US,1545316260,81,34.64,-120.46,44.96,3.36
177,misratah,32,LY,1545318820,71,32.38,15.09,65.51,5.41
178,sabha,36,LY,1545318820,31,27.03,14.43,65.38,5.64
179,castro,0,CL,1545314400,67,-42.48,-73.76,60.8,6.93
180,quang ngai,88,VN,1545318820,95,15.12,108.8,69.38,2.28
181,havelock,20,US,1545317760,96,34.88,-76.9,62.96,7.99
182,pontianak,40,ID,1545316200,94,-0.02,109.34,75.2,3.36
183,biltine,24,TD,1545318733,17,14.53,20.93,82.61,8.55
184,broken hill,0,AU,1545314400,31,-31.97,141.45,75.2,20.8
185,tuktoyaktuk,90,CA,1545314400,84,69.44,-133.03,8.6,3.36
186,ust-karsk,76,RU,1545318820,59,52.71,118.82,-8.02,2.84
187,bandarbeyla,0,SO,1545318677,99,9.49,50.81,79.19,21.85
188,port-gentil,75,GA,1545318000,74,-0.72,8.78,84.2,9.17
189,aromashevo,24,RU,1545318821,80,56.86,68.64,7.01,11.45
190,attawapiskat,,,,,,,,
191,roald,0,NO,1545317400,52,62.58,6.12,44.6,18.34
192,mrirt,,,,,,,,
193,sibolga,32,ID,1545318821,100,1.74,98.78,69.65,1.61
194,talnakh,0,RU,1545318737,0,69.49,88.39,-30.12,7.2
195,at-bashi,12,KG,1545318821,77,41.17,75.81,8.45,3.06
196,bethel,40,US,1545316620,82,60.79,-161.76,-18.05,4.7
197,fairbanks,1,US,1545317880,79,64.84,-147.72,-13.18,2.28
198,qaqortoq,0,GL,1545318822,68,60.72,-46.03,34.1,13.69
199,unye,,,,,,,,
200,jamestown,0,AU,1545318671,64,-33.21,138.6,59.71,9.55
201,bredasdorp,0,ZA,1545314400,47,-34.53,20.04,80.6,13.87
202,grindavik,0,IS,1545318000,100,63.84,-22.43,35.6,6.93
203,kosh-agach,36,RU,1545318822,47,49.99,88.66,-7.62,8.99
204,nurota,0,UZ,1545316200,89,40.56,65.69,32.0,6.93
205,lorengau,44,PG,1545318663,100,-2.02,147.27,81.22,6.76
206,erenhot,0,CN,1545318823,65,43.65,111.97,17.68,17.05
207,lagoa,20,PT,1545316200,72,37.14,-8.45,60.8,6.93
208,apache junction,1,US,1545317760,80,33.41,-111.55,46.94,2.39
209,svetlogorsk,76,RU,1545316200,77,53.14,59.15,-2.21,2.24
210,cabo san lucas,5,MX,1545317100,82,22.89,-109.91,64.4,7.76
211,cherskiy,12,RU,1545318780,0,68.75,161.3,-39.61,2.28
212,kachug,36,RU,1545318823,54,53.96,105.89,-6.54,1.61
213,namibe,75,AO,1545314400,61,-15.19,12.15,78.8,14.99
214,morristown,90,US,1545317700,81,36.21,-83.29,48.2,5.82
215,karoi,20,ZW,1545318823,69,-16.82,29.68,81.08,3.96
216,terney,0,RU,1545318824,100,45.05,136.61,23.93,14.58
217,khandyga,56,RU,1545318824,0,62.65,135.58,-34.93,2.51
218,karratha,0,AU,1545318824,82,-20.74,116.85,71.68,8.43
219,lagos,75,NG,1545314400,59,6.46,3.39,93.2,5.82
220,kiama,90,AU,1545314400,72,-34.67,150.86,68.0,13.87
221,surt,32,LY,1545318825,82,31.21,16.59,64.34,3.18
222,altamira,75,BR,1545314400,66,-3.2,-52.21,87.8,8.05
223,hasaki,20,JP,1545318000,75,35.73,140.83,41.0,6.93
224,juneau,90,US,1545316380,100,58.3,-134.42,33.08,4.7
225,banepa,20,NP,1545315600,93,27.63,85.52,50.0,3.36
226,tura,0,IN,1545318825,84,25.52,90.21,55.12,2.28
227,plettenberg bay,0,ZA,1545318691,95,-34.05,23.37,68.66,15.26
228,sakakah,,,,,,,,
229,yulara,0,AU,1545314400,32,-25.24,130.99,84.2,13.87
230,coihueco,0,CL,1545318000,52,-36.63,-71.83,66.2,8.05
231,tilichiki,76,RU,1545318670,78,60.47,166.1,18.49,12.57
232,san jeronimo,90,PE,1545318000,61,-13.65,-73.37,48.2,9.17
233,codogno,40,IT,1545317400,80,45.16,9.7,41.0,5.82
234,krasnyy yar,92,RU,1545318826,85,50.7,44.73,14.39,8.32
235,saint george,20,GR,1545315600,66,39.45,22.34,50.0,2.51
236,kirakira,68,SB,1545318826,100,-10.46,161.92,84.05,3.96
237,ban nahin,0,LA,1545318827,88,18.24,104.21,68.39,2.17
238,severo-kurilsk,12,RU,1545318716,100,50.68,156.12,19.79,6.98
239,maceio,75,BR,1545314400,51,-9.67,-35.74,84.2,11.41
240,qesarya,75,IL,1545317400,72,32.52,34.9,64.4,9.17
241,westport,40,IE,1545316200,87,53.8,-9.52,44.6,18.34
242,atar,0,MR,1545318713,10,20.52,-13.05,87.79,10.33
243,hami,20,CN,1545318783,55,42.84,93.51,5.26,4.41
244,sitka,0,US,1545318699,36,37.17,-99.65,42.83,21.85
245,maloshuyka,,,,,,,,
246,adeje,8,NG,1545318827,36,5.68,5.76,96.38,4.29
247,wainwright,32,CA,1545318828,48,52.84,-110.86,4.81,2.95
248,opuwo,68,NA,1545318828,19,-18.06,13.84,91.57,4.41
249,kushiro,20,JP,1545318828,52,43.11,144.15,7.69,4.63
250,ucluelet,92,CA,1545318828,96,48.94,-125.55,48.28,7.87
251,pemangkat,,,,,,,,
252,ararat,20,AU,1545318829,77,-37.28,142.93,54.08,10
253,kannangad,12,IN,1545318829,96,12.31,75.11,79.01,4.85
254,katsuura,75,JP,1545318000,87,33.93,134.5,50.0,6.93
255,dikson,0,RU,1545318659,100,73.51,80.55,-12.57,10.67
256,lodwar,0,KE,1545318829,41,3.12,35.6,81.26,7.2
257,stornoway,,,,,,,,
258,mocuba,80,MZ,1545318829,87,-16.84,36.99,80.68,5.75
259,ontario,1,US,1545317880,57,34.07,-117.65,48.92,3.36
260,huarmey,8,PE,1545318830,69,-10.07,-78.15,75.5,4.18
261,salalah,0,OM,1545317400,47,17.01,54.1,77.0,3.36
262,sur,0,OM,1545318830,100,22.57,59.53,73.25,7.2
263,hithadhoo,32,MV,1545318683,100,-0.6,73.08,82.25,4.41
264,pau dos ferros,0,BR,1545318830,38,-6.11,-38.21,93.91,6.87
265,matay,8,EG,1545318830,52,28.42,30.79,63.71,6.31
266,satitoa,,,,,,,,
267,jiuquan,36,CN,1545318831,69,39.73,98.49,6.2,1.39
268,lumeje,56,AO,1545318831,93,-11.56,20.78,74.29,5.75
269,sovetskiy,76,RU,1545318831,79,56.76,48.47,4.76,7.87
270,wilmington,75,US,1545317700,94,39.75,-75.55,37.04,3.36
271,progreso,75,UY,1545318000,73,-34.68,-56.22,77.0,5.82
272,sao joao da barra,20,BR,1545314400,52,-21.64,-41.05,89.6,17.27
273,souillac,32,FR,1545316200,82,45.6,-0.6,55.4,12.75
274,victor harbor,75,AU,1545316200,63,-35.55,138.62,60.8,12.75
275,knysna,20,ZA,1545318000,60,-34.04,23.05,73.4,13.87
276,mountain home,1,US,1545317580,72,43.13,-115.69,33.98,10.29
277,anloga,20,GH,1545314400,59,5.79,0.9,91.4,6.93
278,hwange,24,ZW,1545318914,43,-18.35,26.5,89.81,8.88
279,guerrero negro,0,MX,1545318763,87,27.97,-114.04,47.02,2.95
280,abalak,20,NE,1545318834,20,15.46,6.28,81.44,14.7
281,kazalinsk,,,,,,,,
282,ewa beach,1,US,1545317820,70,21.32,-158.01,73.04,5.82
283,labuhan,64,ID,1545318728,97,-2.54,115.51,71.63,1.83
284,sioux lookout,90,CA,1545316920,92,50.1,-91.92,17.6,8.05
285,bubaque,0,GW,1545318835,80,11.28,-15.83,87.38,5.53
286,fresnillo,5,MX,1545316980,33,23.17,-102.87,44.6,11.41
287,dubai,0,AE,1545318000,53,25.27,55.3,77.0,5.82
288,alice springs,44,AU,1545316200,24,-23.7,133.88,89.6,9.17
289,tuatapere,92,NZ,1545318675,100,-46.13,167.69,51.83,4.74
290,ayacucho,76,PE,1545318635,80,-13.16,-74.23,51.11,3.51
291,kaitangata,44,NZ,1545318672,85,-46.28,169.85,44.36,3.06
292,vardo,90,US,1545317700,84,39.62,-77.74,37.4,4.7
293,san quintin,0,PH,1545318677,88,17.54,120.52,67.99,2.39
294,tsihombe,,,,,,,,
295,poum,0,MK,1545316200,70,41.28,20.71,42.8,1.12
296,dunda,0,IN,1545318836,98,30.62,78.32,26.41,1.05
297,cravo norte,64,CO,1545318836,43,6.3,-70.2,90.35,11.45
298,geraldton,90,CA,1545314400,92,49.72,-86.95,23.0,14.99
299,taburi,,,,,,,,
300,staryy nadym,76,RU,1545318836,68,65.61,72.68,12.28,14.7
301,oksfjord,0,NO,1545317400,63,70.24,22.35,28.4,19.46
302,honningsvag,0,NO,1545317400,68,70.98,25.97,28.4,19.46
303,neos pirgos,,,,,,,,
304,beringovskiy,64,RU,1545318718,100,63.05,179.32,-1.5,13.58
305,buin,0,CL,1545318000,49,-33.73,-70.74,73.4,8.05
306,mayo,20,CA,1545314400,72,63.59,-135.9,12.2,12.75
307,carnarvon,0,ZA,1545318460,16,-30.97,22.13,85.81,4.63
308,tuntum,20,BR,1545318837,67,-5.26,-44.64,89.68,3.51
309,dinsor,,,,,,,,
310,sorland,0,NO,1545317400,60,67.67,12.69,42.8,16.11
311,asau,,,,,,,,
312,koszalin,92,PL,1545318838,95,54.19,16.18,33.52,6.87
313,bonanza,24,NI,1545318838,97,14.03,-84.62,74.11,2.39
314,lolua,,,,,,,,
315,matao,80,BR,1545318838,78,-21.6,-48.37,87.65,6.64
316,samusu,,,,,,,,
317,georgiyevka,88,RU,1545318839,88,52.25,40.45,15.07,6.98
318,ukiah,90,US,1545314160,89,39.15,-123.21,50.0,3.36
319,mumford,20,GH,1545318691,90,5.26,-0.76,83.69,5.97
320,caravelas,0,BR,1545318685,100,-17.73,-39.27,80.0,16.49
321,villa rica,92,PE,1545318839,97,-10.74,-75.27,71.0,0.49
322,cabedelo,75,BR,1545318000,55,-6.97,-34.84,87.8,14.99
323,susanino,76,RU,1545318839,85,58.15,41.61,12.86,7.65
324,karkaralinsk,,,,,,,,
325,havre-saint-pierre,20,CA,1545314400,62,50.23,-63.6,19.4,13.87
326,seoul,0,KR,1545318000,79,37.57,126.98,33.8,3.36
327,torbay,75,CA,1545314400,63,47.66,-52.73,30.2,39.15
328,saint-philippe,1,CA,1545316500,59,45.36,-73.48,33.08,3.36
329,pundaguitan,88,PH,1545318840,100,6.37,126.17,79.24,5.97
330,dwarka,0,IN,1545316200,54,28.58,77.04,59.0,3.18
331,nacala,48,MZ,1545318840,100,-14.56,40.69,80.99,7.43
332,pietersburg,,,,,,,,
333,umzimvubu,,,,,,,,
334,kilindoni,12,TZ,1545318840,96,-7.91,39.67,85.72,12.24
335,axim,12,GH,1545318764,93,4.87,-2.24,85.13,11.12
336,zhigansk,76,RU,1545318676,78,66.77,123.37,-18.01,4.74
337,manzhouli,56,CN,1545318840,53,49.6,117.43,-6.09,2.95
338,luderitz,0,NA,1545318725,77,-26.65,15.16,66.91,13.13
339,dumas,0,IN,1545314400,53,21.09,72.71,71.6,6.93
340,manono,80,CD,1545318841,79,-7.3,27.4,78.38,5.08
341,marataizes,0,BR,1545318841,80,-21.04,-40.82,85.76,13.47
342,suluova,75,TR,1545317400,87,40.83,35.65,44.6,4.7
343,nicoya,20,CR,1545318000,69,10.15,-85.45,82.4,3.36
344,khovu-aksy,24,RU,1545318842,64,51.13,93.72,-7.17,4.74
345,itoman,40,JP,1545318000,69,26.12,127.67,73.4,8.05
346,flinders,90,AU,1545314400,72,-34.58,150.85,68.0,13.87
347,dawson creek,20,CA,1545314400,85,55.76,-120.23,24.8,2.24
348,high rock,75,BS,1545318000,83,26.63,-78.28,80.6,17.22
349,quthing,0,LS,1545318843,26,-30.4,27.7,76.13,3.96
350,san sebastian el grande,5,MX,1545317100,70,20.52,-103.42,44.6,4.7
351,umkomaas,100,ZA,1545318843,88,-30.21,30.8,66.37,5.75
352,xining,88,CN,1545318844,63,36.62,101.77,23.71,2.62
353,leningradskiy,0,RU,1545318694,100,69.38,178.42,-17.65,1.05
354,lata,0,IN,1545318778,98,30.78,78.62,26.41,1.05
355,sri aman,68,MY,1545314400,94,1.24,111.46,73.4,3.36
356,neiafu,75,TO,1545318000,94,-18.65,-173.98,78.8,2.24
357,sembakung,40,ID,1545314400,88,3.82,117.25,78.8,2.73
358,qandala,0,SO,1545318756,100,11.47,49.87,66.91,4.63
359,srednekolymsk,48,RU,1545318752,0,67.46,153.71,-35.47,2.73
360,korla,,,,,,,,
361,najran,0,SA,1545314400,27,17.54,44.22,75.2,9.17
362,puerto leguizamo,92,CO,1545318845,94,-0.19,-74.78,75.5,3.18
363,emerald,0,AU,1545314400,69,-23.53,148.16,82.4,11.41
364,huambo,20,AO,1545314400,60,-12.78,15.73,75.2,10.29
365,nizhneyansk,,,,,,,,
366,saint marys,1,US,1545317700,86,41.43,-78.56,35.06,5.82
367,klyuchi,0,RU,1545318846,67,52.25,79.17,-14.59,8.43
368,san carlos de bariloche,40,AR,1545318000,55,-41.13,-71.31,60.8,8.05
369,stephenville,1,US,1545317700,56,32.22,-98.2,47.3,17.22
370,akyab,,,,,,,,
371,fortuna,0,ES,1545316200,45,38.18,-1.13,62.6,5.82
372,burica,,,,,,,,
373,komsomolskiy,80,RU,1545318695,85,67.55,63.78,16.91,22.53
374,pangnirtung,40,CA,1545314400,70,66.15,-65.72,-0.41,3.36
375,chililabombwe,48,ZM,1545318847,79,-12.37,27.84,75.46,3.62
376,boden,90,SE,1545317400,92,65.83,21.69,28.4,1.12
377,broome,20,GB,1545317760,81,52.47,1.45,49.82,9.17
378,snezhnogorsk,0,RU,1545318000,85,69.19,33.23,10.4,2.24
379,sai buri,44,TH,1545318848,92,6.7,101.62,77.03,3.96
380,lavrentiya,12,RU,1545318756,100,65.58,-170.99,-3.75,16.82
381,saleaula,,,,,,,,
382,maniago,75,IT,1545314100,75,46.17,12.71,46.4,2.24
383,porbandar,0,IN,1545318849,51,21.64,69.61,73.7,8.32
384,paka,24,HR,1545316200,100,45.29,18.06,26.6,3.36
385,san cristobal,75,EC,1545314400,82,-0.39,-78.55,60.8,2.24
386,margate,20,AU,1545316200,76,-43.03,147.26,53.6,6.93
387,cayenne,88,GF,1545316200,78,4.94,-52.33,82.4,12.75
388,longyearbyen,75,NO,1545317400,80,78.22,15.63,33.8,20.8
389,kudahuvadhoo,20,MV,1545318728,100,2.67,72.89,81.76,8.43
390,tigil,56,RU,1545318849,86,57.8,158.67,11.56,3.51
391,buraydah,20,SA,1545314400,47,26.33,43.97,75.2,2.24
392,galle,1,US,1545317760,52,29.74,-97.91,55.94,20.8
393,artesia,1,US,1545317580,64,32.84,-104.4,39.92,8.05
394,crab hill,,,,,,,,
395,mogadishu,20,SO,1545314400,69,2.04,45.34,82.4,16.11
396,bathsheba,40,BB,1545314400,61,13.22,-59.52,82.4,20.8
397,awbari,44,LY,1545318850,23,26.59,12.77,65.56,7.87
398,leh,68,IN,1545318850,60,34.16,77.58,-6.31,2.06
399,grand river south east,,,,,,,,
400,hualmay,12,PE,1545318673,72,-11.1,-77.61,74.83,6.2
401,saint-francois,90,FR,1545316200,66,46.42,3.91,51.8,5.82
402,ahipara,92,NZ,1545318727,97,-35.17,173.16,63.04,15.37
403,santa maria,88,BR,1545318412,84,-29.69,-53.81,82.21,4.18
404,tripoli,0,GR,1545318851,85,37.51,22.37,39.46,1.61
405,iqaluit,90,CA,1545314400,84,63.75,-68.52,-0.41,5.82
406,fallon,1,US,1545317760,74,46.84,-105.12,28.94,13.87
407,raxaul,0,IN,1545318767,70,26.98,84.85,58.58,8.21
408,svobodnyy,68,RU,1545318851,86,53.85,40.53,14.03,6.87
409,zhanatas,,,,,,,,
410,kropotkin,92,RU,1545318851,82,45.43,40.58,37.48,16.26
411,athabasca,20,CA,1545318852,48,54.72,-113.29,8.36,4.85
412,tiznit,0,MA,1545318852,73,29.7,-9.73,67.36,4.18
413,novobirilyussy,44,RU,1545318852,53,56.95,90.69,-10.45,10.78
414,mabaruma,92,GY,1545318852,84,8.2,-59.78,80.32,7.76
415,touros,40,BR,1545314400,58,-5.2,-35.46,86.0,11.41
416,kharan,0,PK,1545318738,64,28.58,65.42,41.84,2.95
417,bani,24,PH,1545318852,100,15.89,120.27,73.93,5.64
418,candido mendes,44,BR,1545318853,93,-1.45,-45.72,83.29,14.47
419,arlit,8,NE,1545318752,60,18.74,7.39,73.03,5.08
420,devonport,8,AU,1545318853,91,-41.18,146.36,47.6,0.16
421,el alto,75,BO,1545318000,62,-16.5,-68.19,51.8,6.93
422,malanje,68,AO,1545318853,77,-9.54,16.35,72.8,5.97
423,bougouni,36,ML,1545318853,25,11.42,-7.49,92.51,12.12
424,conway,90,US,1545317760,87,33.84,-79.05,64.04,16.11
425,mana,0,RS,1545318000,74,43.52,20.24,35.6,1.12
426,belomorsk,56,RU,1545318854,100,64.52,34.76,15.83,4.63
427,tumannyy,,,,,,,,
428,nizwa,0,OM,1545318854,58,22.93,57.53,61.42,2.95
429,dawlatabad,88,AF,1545318854,90,36.41,64.91,37.16,8.43
430,long beach,90,US,1545317580,89,30.35,-89.15,62.06,3.36
431,teruel,90,ES,1545316200,61,40.34,-1.11,59.0,13.87
432,pilar,40,AR,1545314400,69,-34.46,-58.91,80.6,5.82
433,scarborough,48,GB,1545317400,87,54.28,-0.41,46.4,10.29
434,belyy gorodok,92,RU,1545318855,88,56.97,37.51,12.01,7.65
435,steinbach,75,CA,1545316260,85,49.53,-96.69,10.4,9.17
436,chokurdakh,68,RU,1545318681,37,70.62,147.9,-24.54,4.18
437,los banos,1,US,1545317700,95,37.06,-120.85,48.92,2.95
438,klaksvik,92,FO,1545317400,87,62.23,-6.59,42.8,2.24
439,havre,1,US,1545313980,74,48.55,-109.68,28.04,9.17
440,sao felix do xingu,76,BR,1545318745,100,-6.64,-51.99,75.41,2.73
441,novaya igirma,12,RU,1545318857,45,57.14,103.93,10.34,10.45
442,bilma,8,NE,1545318757,34,18.69,12.92,73.21,9.44
443,itaituba,40,BR,1545314400,74,-4.26,-55.99,84.2,4.7
444,dolna mitropolija,,,,,,,,
445,kampong cham,12,KH,1545318857,74,11.99,105.46,79.69,3.62
446,bonthe,12,SL,1545318739,40,7.53,-12.5,96.43,2.95
447,atsiki,,,,,,,,
448,moramanga,76,MG,1545318857,83,-18.95,48.23,68.62,2.95
449,lukulu,44,ZM,1545318858,32,-14.38,23.24,92.47,7.87
450,obidos,75,PT,1545316200,67,39.36,-9.16,60.8,4.7
451,honiara,92,SB,1545318858,100,-9.43,159.96,72.49,1.39
452,severodvinsk,75,RU,1545318000,84,64.56,39.82,5.0,4.47
453,cidreira,8,BR,1545318680,81,-30.17,-50.22,86.98,5.41
454,port augusta,40,AU,1545314400,77,-32.49,137.76,62.6,16.11
455,san andres,92,PH,1545318755,100,13.32,122.68,77.98,15.82
456,kaeng khlo,,,,,,,,
457,mahon,75,IE,1545316200,81,51.89,-8.4,46.4,14.99
458,talmenka,0,RU,1545318000,75,53.82,83.56,-13.01,8.95
459,bekhteyevka,90,RU,1545318000,92,50.81,37.21,21.2,4.47
460,kamennomostskiy,0,RU,1545318859,96,44.29,40.18,33.52,1.95
461,windsor,90,US,1545317700,83,42.3,-83.03,39.2,5.19
462,provideniya,0,RU,1545318670,100,64.42,-173.23,-7.39,7.76
463,phuket,75,TH,1545316200,88,7.89,98.4,78.8,4.7
464,abu samrah,80,SY,1545318859,95,35.3,37.18,50.48,4.07
465,waddan,64,LY,1545318734,34,29.16,16.14,61.69,4.29
466,severobaykalsk,48,RU,1545318860,72,55.65,109.32,7.96,3.51
467,bondo,0,CD,1545318716,23,3.81,23.69,93.86,4.18
468,koumac,48,NC,1545318719,98,-20.56,164.28,74.74,4.85
469,victoria,75,BN,1545316200,94,5.28,115.24,78.8,5.41
470,marawi,92,PH,1545318860,100,8.0,124.29,69.38,2.17
471,svetlaya,0,RU,1545318860,100,46.54,138.33,21.41,14.25
472,dibulla,75,CO,1545318000,58,11.27,-73.31,87.8,13.87
473,aldan,80,RU,1545318752,75,58.61,125.39,3.95,4.41
474,saint-augustin,80,FR,1545316200,82,44.83,-0.61,57.2,10.29
475,sentyabrskiy,,,,,,,,
476,odweyne,,,,,,,,
477,zhob,0,PK,1545318861,44,31.34,69.45,27.94,2.39
478,deneysville,0,ZA,1545318861,35,-26.89,28.1,84.64,7.54
479,zonguldak,75,TR,1545313800,87,41.25,31.83,44.6,5.82
480,weatherford,1,US,1545317700,51,32.76,-97.8,48.2,16.11
481,tuban,64,ID,1545318861,94,-6.9,112.07,74.74,3.29
482,atambua,12,ID,1545318861,100,-9.11,124.89,77.89,1.28
483,vila velha,20,BR,1545318000,58,-3.71,-38.6,87.8,16.11
484,beira,75,ES,1545316200,82,43.2,-8.36,57.2,9.17
485,todos santos,5,MX,1545317100,82,23.45,-110.23,64.4,5.19
486,saint anthony,90,US,1545317580,73,43.97,-111.68,19.94,4.7
487,ilorin,0,NG,1545318862,35,8.5,4.55,90.89,4.63
488,chicama,40,PE,1545318000,78,-7.84,-79.15,73.4,10.29
489,chengde,88,CN,1545318862,73,40.97,117.93,25.28,4.85
490,banjar,76,ID,1545318700,98,-7.37,108.54,72.22,1.61
491,wewak,88,PG,1545318770,100,-3.55,143.63,75.64,2.06
492,niltepec,48,MX,1545318863,95,16.57,-94.62,70.55,3.29
493,bengkulu,,,,,,,,
494,mehamn,0,NO,1545317400,68,71.03,27.85,28.4,19.46
495,hihya,40,EG,1545316200,45,30.67,31.59,66.2,10.29
496,port-cartier,90,CA,1545314400,67,50.03,-66.88,23.0,9.17
497,caraz,8,PE,1545318863,87,-9.05,-77.81,61.06,1.5
498,oranjestad,20,AW,1545314400,70,12.52,-70.03,84.2,23.04
499,rena,88,NO,1545318864,90,61.13,11.37,25.96,3.85
500,seymchan,20,RU,1545318864,0,62.93,152.39,-35.25,2.39
501,lumphat,0,KH,1545318864,88,13.5,106.97,74.83,2.06
502,glotovka,88,RU,1545318864,84,53.95,46.7,12.91,5.41
503,bichena,0,ET,1545318864,22,10.45,38.2,73.93,1.16
504,ardistan,,,,,,,,
505,khao wong,0,TH,1545314400,83,16.69,104.09,73.4,1.28
506,nome,75,US,1545317700,80,30.04,-94.42,55.94,18.34
507,bansang,8,GM,1545318865,24,13.44,-14.66,97.19,11.68
508,bima,44,ID,1545318865,100,-8.45,118.73,75.05,2.06
509,marzuq,0,YE,1545318865,44,14.4,46.47,64.48,5.19
510,pirna,75,DE,1545317400,93,50.96,13.94,37.4,8.05
511,wanaka,64,NZ,1545318795,95,-44.7,169.14,44.59,1.61
512,laguna,5,MX,1545317040,76,27.52,-110.01,48.2,4.7
513,anori,48,BR,1545318865,80,-3.74,-61.66,82.93,5.19
514,feijo,75,EC,1545318000,83,-3.63,-79.92,89.6,3.36
515,okandja,,,,,,,,
516,valley,75,GB,1545317400,81,53.28,-4.56,48.2,20.8
517,varhaug,75,NO,1545317400,70,58.61,5.65,44.6,16.11
518,palmer,75,AU,1545316200,63,-34.85,139.16,60.8,12.75
519,bafoulabe,0,ML,1545318866,24,13.81,-10.83,93.82,10.89
520,la ronge,5,CA,1545314400,92,55.1,-105.3,8.6,3.36
521,sirjan,0,IR,1545318867,44,29.44,55.67,41.26,6.87
522,ust-kuyga,12,RU,1545318867,0,70.0,135.55,-51.58,2.84
523,saint-pierre,40,FR,1545316200,87,48.95,4.24,48.2,18.34
524,elliot lake,90,CA,1545314400,86,46.37,-82.65,39.2,11.41
525,buchanan,75,LR,1545316200,52,5.88,-10.05,93.2,5.82
526,bara,36,NG,1545314400,14,10.41,10.6,87.8,11.41
527,slavicin,90,CZ,1545318000,92,49.09,17.87,30.2,3.36
528,trat,12,TH,1545318738,100,12.25,102.51,81.71,4.41
529,lake cowichan,90,CA,1545314400,93,48.82,-124.05,50.0,11.41
530,raudeberg,0,NO,1545317400,49,61.99,5.14,46.4,21.92
531,tazovskiy,56,RU,1545318746,30,67.47,78.7,-20.4,4.41
532,port moresby,20,PG,1545314400,88,-9.47,147.16,78.8,3.36
533,malakal,,,,,,,,
534,manali,0,IN,1545318869,42,32.25,77.19,-17.38,2.28
535,skeldon,92,GY,1545318869,100,5.88,-57.13,76.85,10.67
536,kangaatsiaq,24,GL,1545318869,100,68.31,-53.46,24.52,16.82
537,san ignacio,0,CL,1545318000,52,-36.8,-72.03,66.2,8.05
538,tres arroyos,92,AR,1545318870,100,-38.38,-60.28,65.78,8.32
539,desaguadero,32,PE,1545318870,100,-16.56,-69.04,49.94,1.5
540,putina,75,PE,1545318000,83,-14.91,-69.87,53.6,2.24
541,mackay,75,CA,1545314400,85,53.65,-115.58,19.4,2.24
542,almeria,0,ES,1545316200,42,36.84,-2.46,64.4,6.93
543,hambantota,90,LK,1545315000,100,6.12,81.12,80.6,3.36
544,cumaribo,,,,,,,,
545,clyde river,1,CA,1545314400,76,70.47,-68.59,-9.41,5.82
546,tabuk,80,PH,1545318694,95,17.41,121.44,65.6,0.72
547,vila franca do campo,75,PT,1545316200,93,37.72,-25.43,64.4,17.22
548,faya,20,SA,1545314400,63,18.39,42.45,68.0,11.41
549,lincoln,20,GB,1545317400,81,53.23,-0.54,48.2,16.11
550,abnub,0,EG,1545314400,48,27.27,31.15,66.2,12.75
551,soe,90,EE,1545317400,92,57.91,26.05,21.2,9.17
552,praia,40,BR,1545314400,43,-20.25,-43.81,89.6,9.17
553,yarim,0,YE,1545318872,33,14.3,44.38,58.94,3.4
554,xuanwu,20,CN,1545314400,100,32.07,118.81,44.6,2.24
555,deep river,20,CA,1545314400,92,46.1,-77.49,28.4,5.82
556,vilyuysk,64,RU,1545318873,65,63.75,121.63,-8.79,2.84
557,sobolevo,56,RU,1545318742,89,54.43,31.9,11.47,7.99
558,homer,90,US,1545317580,74,59.64,-151.54,23.0,6.93
559,sorkjosen,,,,,,,,
560,adre,12,TD,1545318873,17,13.47,22.2,82.21,6.76
561,varzelandia,0,BR,1545318873,77,-15.7,-44.03,87.2,6.76
562,portoferraio,40,IT,1545314100,81,42.81,10.31,59.0,3.36
563,afmadu,,,,,,,,
564,tarnogskiy gorodok,76,RU,1545318874,81,60.5,43.58,8.63,5.64
565,dagana,32,MR,1545318874,14,16.52,-15.51,94.99,11.79
566,bonavista,44,CA,1545318874,100,48.65,-53.11,29.74,35.16
567,shelburne,1,CA,1545314400,80,44.08,-80.2,37.4,4.7
568,farafangana,36,MG,1545318874,89,-22.82,47.83,81.67,14.25
569,hsinchu,75,TW,1545316200,82,24.8,120.97,68.0,4.7
570,grand-lahou,8,CI,1545318875,66,5.24,-5,87.88,5.3
571,waingapu,32,ID,1545318747,92,-9.65,120.26,75.64,7.54
572,sabzevar,12,IR,1545318875,89,36.21,57.68,35.59,3.06
573,llangefni,75,GB,1545317400,81,53.26,-4.31,48.2,20.8
574,jumla,0,NP,1545318875,75,29.28,82.18,12.14,1.05
575,west mifflin,90,US,1545317760,84,40.36,-79.87,37.94,2.39
576,benjamin aceval,20,PY,1545318000,41,-24.97,-57.57,96.8,14.99
577,camana,,,,,,,,
578,oneonta,0,US,1545318853,74,42.45,-75.06,29.15,2.39
579,ponta delgada,75,PT,1545316200,93,37.73,-25.67,64.4,17.22
580,omboue,80,GA,1545318876,100,-1.57,9.26,79.64,9.55
581,nizhnyaya poyma,36,RU,1545318876,51,56.16,97.2,0.67,11.23
582,berdigestyakh,88,RU,1545318876,66,62.1,126.7,-9.55,3.96
583,gat,12,SN,1545316200,9,14.69,-16.54,93.2,13.87
584,vossevangen,32,NO,1545318877,89,60.63,6.42,18.8,2.95
585,mezen,68,RU,1545318877,72,65.85,44.24,9.31,5.41
586,kloulklubed,90,PW,1545317400,94,7.04,134.26,77.0,3.36
587,harwich,1,US,1545317760,76,41.69,-70.08,46.94,5.82
588,villaviciosa,40,ES,1545316200,59,43.48,-5.43,62.6,8.05
589,sambava,8,MG,1545318878,100,-14.27,50.17,81.67,18.5
590,umm kaddadah,0,SD,1545318761,16,13.6,26.69,76.04,13.8
591,talas,90,TR,1545317400,87,38.69,35.55,42.8,6.93
592,tpig,36,RU,1545318878,78,41.78,47.59,20.47,1.72
593,marsa matruh,40,EG,1545314400,55,31.35,27.25,64.4,8.05
594,iaciara,0,BR,1545318879,52,-14.1,-46.63,92.56,5.41
595,saravan,90,AM,1545318000,93,39.72,45.65,39.2,6.93
596,carros,8,FR,1545318879,88,43.78,7.19,41.48,2.06
597,cambridge,20,GB,1545317760,76,52.2,0.12,49.82,14.99
598,bay saint louis,90,US,1545314160,100,30.31,-89.33,57.2,8.05
599,daru,8,SL,1545318879,34,7.99,-10.85,94.85,8.21
600,wanning,40,AT,1545317400,98,48.64,13.53,33.8,2.24
601,kuala terengganu,75,MY,1545314400,88,5.33,103.14,80.6,2.24
602,yurimaguas,90,PE,1545318000,100,-5.9,-76.1,73.4,4.7
603,haicheng,88,CN,1545318880,57,40.85,122.74,21.73,6.2
604,zeya,44,RU,1545318880,31,53.74,127.27,-22.6,2.17
605,marquette,90,US,1545317760,96,46.54,-87.4,37.04,4.74
606,alofi,8,NU,1545314400,94,-19.06,-169.92,71.6,1.12
607,verkhoyansk,20,RU,1545318880,0,67.55,133.39,-49.2,2.62
608,licheng,76,CN,1545318880,98,24.5,110.4,62.0,2.62
609,gasa,0,BT,1545318881,0,27.91,89.73,-26.2,2.39
610,havoysund,0,NO,1545317400,73,71.0,24.66,23.0,9.17
611,sandakan,75,MY,1545314400,83,5.84,118.12,82.4,6.93
612,barras,32,BR,1545318881,52,-4.24,-42.29,93.73,6.98
613,kaspiysk,90,RU,1545318000,93,42.88,47.64,44.6,15.66
614,chifeng,92,CN,1545318881,56,42.27,118.96,28.61,12.35
615,dunmore east,40,IE,1545316200,81,52.15,-6.99,48.2,9.17
616,alta floresta,76,BR,1545318759,80,-9.87,-56.08,84.86,2.95
617,egvekinot,20,RU,1545318759,0,66.32,-179.17,-30.34,2.95
618,zapolyarnyy,0,RU,1545317400,92,69.43,30.82,15.8,25.28
619,chapais,90,CA,1545316440,92,49.78,-74.86,26.6,8.05
620,port hueneme,75,US,1545317820,79,34.15,-119.2,48.92,3.36
621,batagay-alyta,0,RU,1545318660,0,67.8,130.41,-48.97,2.51
622,esso,24,RU,1545318882,73,55.93,158.7,-2.62,1.83
623,borda da mata,8,BR,1545318718,67,-22.27,-46.17,84.01,9.44
624,constitucion,5,MX,1545316800,64,23.99,-104.67,32.0,3.29
625,presque isle,1,US,1545317760,75,46.68,-68.02,30.92,3.18
626,surok,92,PH,1545318883,100,11.63,125.42,73.39,2.17
627,port lincoln,64,AU,1545318677,100,-34.72,135.86,59.53,12.12
628,salekhard,68,RU,1545318883,79,66.54,66.62,17.32,17.49
